90 277.4 0.0 461.8 0.0
89 277.35775 4.8413 461.72967 8.05952
88 277.23102 9.68112 461.51868 16.11659
87 277.01983 14.51799 461.16712 24.16874
86 276.72427 19.35045 460.67508 32.21354
85 276.34441 24.177 460.04271 40.24852
84 275.88037 28.9962 459.27021 48.27124
83 275.3323 33.80656 458.35781 56.27926
82 274.70036 38.60662 457.30579 64.27014
81 273.98475 43.39492 456.11448 72.24144
80 273.18567 48.17 454.78422 80.19073
79 272.30338 52.93042 453.31543 88.11559
78 271.33814 57.6747 451.70856 96.01362
77 270.29026 62.40142 449.9641 103.8824
76 269.16003 67.10913 448.08257 111.71953
75 267.94782 71.7964 446.06455 119.52264
74 266.65399 76.4618 443.91065 127.28933
73 265.27894 81.10391 441.62154 135.01725
72 263.82308 85.72131 439.1979 142.70405
71 262.28685 90.31261 436.64048 150.34737
70 260.67073 94.87639 433.95005 157.9449
69 258.97521 99.41127 431.12744 165.49432
68 257.2008 103.91587 428.1735 172.99332
67 255.34805 108.38882 425.08914 180.43964
66 253.41751 112.82874 421.87529 187.83098
65 251.40978 117.23431 418.53294 195.16511
64 249.32547 121.60416 415.06309 202.4398
63 247.16521 125.93696 411.46681 209.65281
62 244.92966 130.23141 407.7452 216.80197
61 242.61951 134.48619 403.89938 223.88508
60 240.23545 138.7 399.93053 230.9
59 237.77821 142.87156 395.83986 237.84458
58 235.24854 146.9996 391.62861 244.71672
57 232.64722 151.08287 387.29807 251.51431
56 229.97502 155.12011 382.84955 258.23528
55 227.23278 159.1101 378.28441 264.8776
54 224.42131 163.05163 373.60405 271.43923
53 221.54149 166.94349 368.80988 277.91818
52 218.59418 170.78449 363.90337 284.31247
51 215.58029 174.57348 358.88601 290.62016
50 212.50073 178.30928 353.75932 296.83932
49 209.35644 181.99077 348.52488 302.96806
48 206.14837 185.61683 343.18428 309.00451
47 202.87752 189.18635 337.73914 314.94684
46 199.54486 192.69823 332.19112 320.79324
45 196.15142 196.15142 326.54191 326.54191
44 192.69823 199.54486 320.79324 332.19112
43 189.18635 202.87752 314.94684 337.73914
42 185.61683 206.14837 309.00451 343.18428
41 181.99077 209.35644 302.96806 348.52488
40 178.30928 212.50073 296.83932 353.75932
39 174.57348 215.58029 290.62016 358.88601
38 170.78449 218.59418 284.31247 363.90337
37 166.94349 221.54149 277.91818 368.80988
36 163.05163 224.42131 271.43923 373.60405
35 159.1101 227.23278 264.8776 378.28441
34 155.12011 229.97502 258.23528 382.84955
33 151.08287 232.64722 251.51431 387.29807
32 146.9996 235.24854 244.71672 391.62861
31 142.87156 237.77821 237.84458 395.83986
30 138.7 240.23545 230.9 399.93053
29 134.48619 242.61951 223.88508 403.89938
28 130.23141 244.92966 216.80197 407.7452
27 125.93696 247.16521 209.65281 411.46681
26 121.60416 249.32547 202.4398 415.06309
25 117.23431 251.40978 195.16511 418.53294
24 112.82874 253.41751 187.83098 421.87529
23 108.38882 255.34805 180.43964 425.08914
22 103.91587 257.2008 172.99332 428.1735
21 99.41127 258.97521 165.49432 431.12744
20 94.87639 260.67073 157.9449 433.95005
19 90.31261 262.28685 150.34737 436.64048
18 85.72131 263.82308 142.70405 439.1979
17 81.10391 265.27894 135.01725 441.62154
16 76.4618 266.65399 127.28933 443.91065
15 71.7964 267.94782 119.52264 446.06455
14 67.10913 269.16003 111.71953 448.08257
13 62.40142 270.29026 103.8824 449.9641
12 57.6747 271.33814 96.01362 451.70856
11 52.93042 272.30338 88.11559 453.31543
10 48.17 273.18567 80.19073 454.78422
9 43.39492 273.98475 72.24144 456.11448
8 38.60662 274.70036 64.27014 457.30579
7 33.80656 275.3323 56.27926 458.35781
6 28.9962 275.88037 48.27124 459.27021
5 24.177 276.34441 40.24852 460.04271
4 19.35045 276.72427 32.21354 460.67508
3 14.51799 277.01983 24.16874 461.16712
2 9.68112 277.23102 16.11659 461.51868
1 4.8413 277.35775 8.05952 461.72967
0 0.0 277.4 0.0 461.8
-1 -4.8413 277.35775 -8.05952 461.72967
-2 -9.68112 277.23102 -16.11659 461.51868
-3 -14.51799 277.01983 -24.16874 461.16712
-4 -19.35045 276.72427 -32.21354 460.67508
-5 -24.177 276.34441 -40.24852 460.04271
-6 -28.9962 275.88037 -48.27124 459.27021
-7 -33.80656 275.3323 -56.27926 458.35781
-8 -38.60662 274.70036 -64.27014 457.30579
-9 -43.39492 273.98475 -72.24144 456.11448
-10 -48.17 273.18567 -80.19073 454.78422
-11 -52.93042 272.30338 -88.11559 453.31543
-12 -57.6747 271.33814 -96.01362 451.70856
-13 -62.40142 270.29026 -103.8824 449.9641
-14 -67.10913 269.16003 -111.71953 448.08257
-15 -71.7964 267.94782 -119.52264 446.06455
-16 -76.4618 266.65399 -127.28933 443.91065
-17 -81.10391 265.27894 -135.01725 441.62154
-18 -85.72131 263.82308 -142.70405 439.1979
-19 -90.31261 262.28685 -150.34737 436.64048
-20 -94.87639 260.67073 -157.9449 433.95005
-21 -99.41127 258.97521 -165.49432 431.12744
-22 -103.91587 257.2008 -172.99332 428.1735
-23 -108.38882 255.34805 -180.43964 425.08914
-24 -112.82874 253.41751 -187.83098 421.87529
-25 -117.23431 251.40978 -195.16511 418.53294
-26 -121.60416 249.32547 -202.4398 415.06309
-27 -125.93696 247.16521 -209.65281 411.46681
-28 -130.23141 244.92966 -216.80197 407.7452
-29 -134.48619 242.61951 -223.88508 403.89938
-30 -138.7 240.23545 -230.9 399.93053
-31 -142.87156 237.77821 -237.84458 395.83986
-32 -146.9996 235.24854 -244.71672 391.62861
-33 -151.08287 232.64722 -251.51431 387.29807
-34 -155.12011 229.97502 -258.23528 382.84955
-35 -159.1101 227.23278 -264.8776 378.28441
-36 -163.05163 224.42131 -271.43923 373.60405
-37 -166.94349 221.54149 -277.91818 368.80988
-38 -170.78449 218.59418 -284.31247 363.90337
-39 -174.57348 215.58029 -290.62016 358.88601
-40 -178.30928 212.50073 -296.83932 353.75932
-41 -181.99077 209.35644 -302.96806 348.52488
-42 -185.61683 206.14837 -309.00451 343.18428
-43 -189.18635 202.87752 -314.94684 337.73914
-44 -192.69823 199.54486 -320.79324 332.19112
-45 -196.15142 196.15142 -326.54191 326.54191
-46 -199.54486 192.69823 -332.19112 320.79324
-47 -202.87752 189.18635 -337.73914 314.94684
-48 -206.14837 185.61683 -343.18428 309.00451
-49 -209.35644 181.99077 -348.52488 302.96806
-50 -212.50073 178.30928 -353.75932 296.83932
-51 -215.58029 174.57348 -358.88601 290.62016
-52 -218.59418 170.78449 -363.90337 284.31247
-53 -221.54149 166.94349 -368.80988 277.91818
-54 -224.42131 163.05163 -373.60405 271.43923
-55 -227.23278 159.1101 -378.28441 264.8776
-56 -229.97502 155.12011 -382.84955 258.23528
-57 -232.64722 151.08287 -387.29807 251.51431
-58 -235.24854 146.9996 -391.62861 244.71672
-59 -237.77821 142.87156 -395.83986 237.84458
-60 -240.23545 138.7 -399.93053 230.9
-61 -242.61951 134.48619 -403.89938 223.88508
-62 -244.92966 130.23141 -407.7452 216.80197
-63 -247.16521 125.93696 -411.46681 209.65281
-64 -249.32547 121.60416 -415.06309 202.4398
-65 -251.40978 117.23431 -418.53294 195.16511
-66 -253.41751 112.82874 -421.87529 187.83098
-67 -255.34805 108.38882 -425.08914 180.43964
-68 -257.2008 103.91587 -428.1735 172.99332
-69 -258.97521 99.41127 -431.12744 165.49432
-70 -260.67073 94.87639 -433.95005 157.9449
-71 -262.28685 90.31261 -436.64048 150.34737
-72 -263.82308 85.72131 -439.1979 142.70405
-73 -265.27894 81.10391 -441.62154 135.01725
-74 -266.65399 76.4618 -443.91065 127.28933
-75 -267.94782 71.7964 -446.06455 119.52264
-76 -269.16003 67.10913 -448.08257 111.71953
-77 -270.29026 62.40142 -449.9641 103.8824
-78 -271.33814 57.6747 -451.70856 96.01362
-79 -272.30338 52.93042 -453.31543 88.11559
-80 -273.18567 48.17 -454.78422 80.19073
-81 -273.98475 43.39492 -456.11448 72.24144
-82 -274.70036 38.60662 -457.30579 64.27014
-83 -275.3323 33.80656 -458.35781 56.27926
-84 -275.88037 28.9962 -459.27021 48.27124
-85 -276.34441 24.177 -460.04271 40.24852
-86 -276.72427 19.35045 -460.67508 32.21354
-87 -277.01983 14.51799 -461.16712 24.16874
-88 -277.23102 9.68112 -461.51868 16.11659
-89 -277.35775 4.8413 -461.72967 8.05952
-90 -277.4 0.0 -461.8 0.0
-91 -277.35775 -4.8413 -461.72967 -8.05952
-92 -277.23102 -9.68112 -461.51868 -16.11659
-93 -277.01983 -14.51799 -461.16712 -24.16874
-94 -276.72427 -19.35045 -460.67508 -32.21354
